单台检测
TX: 00 03 00 00 00 08 45 DD      10:40:00
RX: 01 03 10 DB 03 00 FA 00 32 01 06 00 01 00 01 32 00 FF 15 C8 52      10:40:00

基本测量
TX: 01 03 00 40 00 18 44 14      10:35:01
RX: 01 03 30 24 8B 00 00 00 00 00 00 00 00 00 00 00 00 00 00 00 00 00 00 13 87 00 00 00 00 00 00 00 00 00 00 00 00 00 00 00 00 00 00 00 00 00 00 00 00 06 33 0D 43      10:35:02
TX: 01 03 00 40 00 18 44 14      10:35:04
RX: 01 03 30 24 90 00 00 00 00 00 00 00 00 00 00 00 00 00 00 00 00 00 00 13 87 00 00 00 00 00 00 00 00 00 00 00 00 00 00 00 00 00 00 00 00 00 00 00 00 06 33 15 52      10:35:05
TX: 01 03 00 40 00 18 44 14      10:35:06
RX: 01 03 30 24 9B 00 00 00 00 00 00 00 00 00 00 00 00 00 00 00 00 00 00 13 87 00 00 00 00 00 00 00 00 00 00 00 00 00 00 00 00 00 00 00 00 00 00 00 00 06 40 84 60      10:35:07
TX: 01 03 00 40 00 18 44 14      10:35:08
RX: 01 03 30 24 8E 00 00 00 00 00 00 00 00 00 00 00 00 00 00 00 00 00 00 13 87 00 00 00 00 00 00 00 00 00 00 00 00 00 00 00 00 00 00 00 00 00 00 00 00 06 40 93 3B      10:35:09
TX: 01 03 00 40 00 18 44 14      10:35:10
RX: 01 03 30 24 9A 00 00 00 00 00 00 00 00 00 00 00 00 00 00 00 00 00 00 13 87 00 00 00 00 00 00 00 00 00 00 00 00 00 00 00 00 00 00 00 00 00 00 00 00 06 40 E9 CC      10:35:11
TX: 01 03 00 40 00 18 44 14      10:35:13
RX: 01 03 30 24 85 00 00 00 00 00 00 00 00 00 00 00 00 00 00 00 00 00 00 13 87 00 00 00 00 00 00 00 00 00 00 00 00 00 00 00 00 00 00 00 00 00 00 00 00 06 40 43 EC      10:35:14
TX: 01 03 00 40 00 18 44 14      10:35:15
RX: 01 03 30 24 82 00 00 00 00 00 00 00 00 00 00 00 00 00 00 00 00 00 00 13 87 00 00 00 00 00 00 00 00 00 00 00 00 00 00 00 00 00 00 00 00 00 00 00 00 06 40 45 69      10:35:16
TX: 01 03 00 40 00 18 44 14      10:35:17
RX: 01 03 30 24 8D 00 00 00 00 00 00 00 00 00 00 00 00 00 00 00 00 00 00 13 87 00 00 00 00 00 00 00 00 00 00 00 00 00 00 00 00 00 00 00 00 00 00 00 00 06 33 66 6A      10:35:18

电能参数
TX: 01 03 00 0C 00 0C 85 CC      10:37:35
RX: 
01 
03 
18 
00 00 00 00 
00 00 00 00 
00 00 00 00 
00 00 00 00 
00 00 00 00 
00 00 00 00 
6C F4      10:37:36
TX: 01 03 00 0C 00 0C 85 CC      10:37:54
RX: 01 03 18 00 00 00 00 00 00 00 00 00 00 00 00 00 00 00 00 00 00 00 00 00 00 00 00 6C F4      10:37:55